0
50
  0  9  8  1  2  3  4  5  6  7  8
  1  0  2  9 10
  2  0  2  9 10
  3  0  2 11 12
  4  0  2 11 12
  5  2  3 15 16 17
  6  2  3 13 15 20
  7  2  3 14 18 19
  8  2  3 19 21 22
  9  2  2 23 24
 10  0  1 25
 11  2  2 24 27
 12  0  1 26
 13  1  1 34
 14  1  1 41
 15  0  2 28 29
 16  1  1 35
 17  1  1 42
 18  1  1 37
 19  0  2 29 30
 20  1  1 43
 21  1  1 38
 22  1  1 44
 23  1  1 39
 24  0  1 32
 25  1  2 31 33
 26  1  2 31 33
 27  1  1 40
 28  1  2 34 35
 29  0  1 36
 30  1  2 37 38
 31  0  1 49
 32  2  1 49
 33  2  1 49
 34  1  1 45
 35  1  1 46
 36  1  4 41 42 43 44
 37  1  1 47
 38  1  1 48
 39  0  1 49
 40  0  1 49
 41  1  1 45
 42  1  1 46
 43  1  1 47
 44  1  1 48
 45  0  1 49
 46  0  1 49
 47  0  1 49
 48  0  1 49
 49  9  0
