0
44
0 9 8 1 2 3 4 5 6 7 8
1 2 2 23 25
2 2 2 24 26
3 2 1 9
4 2 1 10
5 0 2 12 13
6 0 2 11 14
7 0 2 12 13
8 0 2 11 14
9 1 2 15 16
10 1 2 15 16
11 2 2 17 19
12 2 2 18 20
13 0 1 21
14 0 1 22
15 0 2 23 25
16 2 2 24 26
17 1 1 27
18 1 1 27
19 1 1 28
20 1 1 28
21 1 2 29 30
22 1 2 29 30
23 2 2 31 33
24 0 2 32 34
25 0 2 35 37
26 2 2 36 38
27 0 1 43
28 2 1 43
29 2 1 43
30 0 1 43
31 1 1 39
32 1 1 39
33 1 1 40
34 1 1 40
35 1 1 41
36 1 1 41
37 1 1 42
38 1 1 42
39 2 1 43
40 0 1 43
41 2 1 43
42 0 1 43
43 9 0 

